1	0	2453957.63479	0.00038	1	Holman et al 2007
3	13	2453989.75286	0.00029	1	Holman et al 2007
4	15	2453994.69393	0.00031	1	Holman et al 2007
6	34	2454041.63579	0.0003	1	Holman et al 2007
26	242	2454555.52621	0.00123	3	Brát L.
28	268	2454619.7599	0.0013	2	Gary
33	281	2454651.8756	0.0007	2	Moon
34	293	2454681.5224	0.0021	3	Naves
38	316	2454738.35045	0.0009	3	Kocián R.
41	391	2454923.6438	0.0007	2	AXA
44	393	2454928.58792	0.00112	3	Přibík V.
46	399	2454943.4132	0.00138	3	Brát L.
47	404	2454955.762493	5e-05	1	Kepler
48	405	2454958.2332	5.1e-05	1	Kepler
49	406	2454960.703759	5e-05	1	Kepler
50	407	2454963.174363	5e-05	1	Kepler
51	408	2454965.644931	5e-05	1	Kepler
52	409	2454968.115616	5e-05	1	Kepler
53	410	2454970.586212	5e-05	1	Kepler
54	410	2454970.5865	0.001	2	Gregorio
55	411	2454973.056831	5.1e-05	1	Kepler
58	412	2454975.52747	0.00074	2	Marino G.
59	412	2454975.527479	5.1e-05	1	Kepler
61	413	2454977.998053	5e-05	1	Kepler
62	414	2454980.4645	0.0013	3	naves
63	414	2454980.4679	0.0017	3	Srdoc
64	414	2454980.4682	0.0013	2	Gregorio
65	414	2454980.468615	5.1e-05	1	Kepler
66	415	2454982.939212	5.1e-05	1	Kepler
67	416	2454985.409925	5e-05	1	Kepler
68	417	2454987.880492	5e-05	1	Kepler
69	418	2454990.3511	5.1e-05	1	Kepler
70	419	2454992.821794	5e-05	1	Kepler
71	420	2454995.292335	5.1e-05	1	Kepler
72	421	2454997.76286	0.00035	1	Scuderi et al 2009
73	421	2454997.762927	5.1e-05	1	Kepler
76	429	2455017.5252	0.001	2	Gregorio
77	433	2455027.4074	0.0019	3	Srdoc
78	438	2455039.7606	0.0011	3	Garlitz
79	438	2455039.7648	0.0007	2	Norby
80	438	2455039.76607	0.00096	3	Vander Haagen G.
82	440	2455044.7031	0.0008	3	Norby
84	442	2455049.6494	0.00085	3	Vander Haagen G.
85	446	2455059.52244	0.00076	3	Lomoz F.
86	446	2455059.52976	0.00137	3	Manfred Raetz
87	450	2455069.41115	0.00069	3	Šárka Dyčková
90	548	2455311.53095	0.00077	2	Brát L.
91	550	2455316.47653	0.00094	2	Zambelli R.
93	555	2455328.82558	0.00093	3	Shadick S.
94	557	2455333.7639	0.00107	3	Shadick S. & Patrick M.
96	567	2455358.47237	0.00071	3	Trnka J.
99	582	2455395.53615	0.00071	2	Naves R.
101	589	2455412.82702	0.00064	2	Hose K.
106	605	2455452.35748	0.00134	3	Lopresti C.
108	610	2455464.70971	0.00101	3	Shadick S.
110	612	2455469.65014	0.00115	3	Wiggins P.
116	701	2455689.53526	0.00134	3	Brát L.
119	708	2455706.82989	0.00072	3	Garlitz J.
120	712	2455716.71448	0.00064	3	Dax T.
123	720	2455736.4807	0.00111	3	Rui B.
126	737	2455778.47779	0.00124	3	Centenera F.
127	742	2455790.83052	0.0008	3	Shadic S.
128	744	2455795.77385	0.00117	3	Shadic S.
129	758	2455830.3582	0.00083	3	Dangl G.
130	758	2455830.36205	0.00078	3	Brát L.
134	767	2455852.59653	0.00086	3	Fountain Ch.
137	777	2455877.2998099998	0.00022	1	Fernand Emering
140	837	2456025.53911	0.00067	2	Carre&#241
142	856	2456072.4792	0.00063	2	Polák J.
143	856	2456072.47951	0.00109	3	Audejean M.
144	856	2456072.47956	0.00092	3	Trnka J.
148	858	2456077.40786	0.00115	3	Horta F. G.
149	858	2456077.41881	0.00187	3	Brosio A.
150	858	2456077.42401	0.00077	3	Ayiomamitis A.
152	863	2456089.77317	0.00069	3	Garlitz J.
155	890	2456156.47773	0.00063	2	Scarmato T.
157	892	2456161.42253	0.00098	3	Scarmato T.
165	992	2456408.48169	0.00053	2	Hentunen V. P.
168	997	2456420.83575	0.00073	2	Hose K.
171	1024	2456487.54279	0.00055	2	Nicolas E.
173	1026	2456492.48813	0.00089	3	Haro J. L.
176	1028	2456497.42961	0.00087	3	Ulus Uludag, Cihan Tugrul Tezcan, Ozgur Basturk
179	1037	2456519.66032	0.00059	2	Benni P.
180	1045	2456539.4241	0.001	3	Bruno F.
183	1050	2456551.77687	0.00088	3	Shadic S.
184	1052	2456556.72028	0.00102	3	Majewski R.
185	1052	2456556.72333	0.00076	3	Shadic S.
186	1056	2456566.60346	0.00094	3	Benni P.
188	1066	2456591.30971	0.00174	3	Mravik J., Grnja J.
192	1075	2456613.54384	0.00103	3	Benni P.
194	1124	2456734.60348	0.00098	3	Horta F. G.
201	1164	2456833.42831	0.00067	2	Nicolas E.
202	1167	2456840.83858	0.00055	2	Shadic S.
205	1177	2456865.54488	0.00146	3	Horta F. G.
210	1200	2456922.37252	0.00074	3	Bachschmidt M.
211	1200	2456922.37366	0.00109	3	Marc Bretton
218	1215	2456959.43009	0.00072	3	Coline Guyot Julien Dibon
220	1219	2456969.30825	0.0008	3	Josep M. Bosch
223	1238	2457016.25599	0.00064	2	Marc Bretton
224	1260	2457070.60714	0.0005	1	Veli-Pekka Hentunen
225	1284	2457129.90213	0.00064	3	Stan Shadick
226	1296	2457159.5524	0.00045	1	Juanjo Gonzalez
232	1313	2457201.55023	0.00088	3	David Molina
238	1330	2457243.55148	0.00199	3	F. Martinelli, M. Monaci
239	1332	2457248.49514	0.00127	3	Ferran Grau Horta
240	1334	2457253.43347	0.00092	3	Luca Rizzuti
242	1336	2457258.37343	0.00059	2	Giuseppe Marino
249	1466	2457579.55451	0.00087	3	David Molina
250	1468	2457584.49458	0.00085	3	David Molina
251	1470	2457589.43828	0.00056	2	Marc Bretton
252	1485	2457626.49483	0.00065	2	David Molina
253	1485	2457626.49538	0.00091	3	Martin Mašek, Petr Mrňák
254	1487	2457631.43625	0.00064	2	David Molina
257	1508	2457683.32029	0.00035	1	Marc Bretton
258	1508	2457683.32046	0.00044	1	Marc Bretton
266	1621	2457962.49996	0.00028	1	Marc Bretton
268	1723	2458214.50188	0.00109	3	Eric Girardin
269	1723	2458214.50272	0.00131	3	Yves Jongen
272	1740	2458256.50077	0.00047	1	Marc Bretton
273	1752	2458286.14832	0.0011	3	Wonseok Kang
274	1755	2458293.5587	0.00116	2	David Molina
275	1757	2458298.50499	0.00077	3	Yves Jongen
278	1776	2458345.44427	0.0007	2	David Molina
279	1791	2458382.50253	0.00078	2	Pere Guerra
283	1793	2458387.44484	0.00036	1	Marc Bretton
287	1795	2458392.38607	0.00066	2	Mario Morales
291	1802	2458409.68118	0.00093	3	Rina Rast
293	1872	2458582.62374	0.00063	2	Yves Jongen
295	1874	2458587.5635	0.0006	2	Yves Jongen
296	1878	2458597.44623	0.00072	3	Veli-Pekka Hentunen
297	1880	2458602.39267	0.0005	1	Veli-Pekka Hentunen
298	1893	2458634.50585	0.00102	3	Bruno Christmann
300	1895	2458639.44807	0.00098	3	Yves Jongen
301	1895	2458639.44841	0.0008	2	Anael Wunsche
302	1912	2458681.44427	0.0009	2	Riccardo Papini
304	1927	2458718.50734	0.00072	2	Yves Jongen
307	1944	2458760.50773	0.00073	2	Yves Jongen
309	1948	2458770.38942	0.00053	1	Marc Bretton
310	2012	2458928.51116	0.00124	3	Yves Jongen
312	2065	2459059.44899	0.00037	1	Ferran Grau Horta
314	2080	2459096.50877	0.00101	3	Yves Jongen
315	2082	2459101.45245	0.00039	1	Anaël Wünsche
316	2084	2459106.39268	0.00058	2	Yves Jongen
317	2084	2459106.39481	0.00086	3	Thomas Grunge
318	2086	2459111.33184	0.00104	3	Francesco Scaggiante, Danilo Zardin,Marco Fiaschi
319	2163	2459301.57356	0.00063	2	Yves Jongen
321	2180	2459343.56825	0.00071	2	Giorgio Baj
322	2199	2459390.51243	0.00095	3	Alberto García Sánchez
323	2199	2459390.51333	0.00098	3	Enrique Arce Mansego
324	2201	2459395.44812	0.00085	2	Javier de Elias
325	2201	2459395.45413	0.00076	2	Giuseppe Marino
329	2254	2459526.39251	0.00054	2	Rene Roy
